<?xml version="1.0" encoding="utf-8"?>
<opencv_storage>

  <Intrinsic_Matrix_DAHUA type_id="opencv-matrix">
    <rows>3</rows>
    <cols>3</cols>
    <dt>d</dt>
    <data>
      1621.2000000000 0.0000000000000 0.0000000000000
      0.0000000000000 1653.2000000000 0.0000000000000
      733.07920000000 588.45820000000 1.0000000000000
    </data>
  </Intrinsic_Matrix_DAHUA>
  <Distortion_Coefficients5_DAHUA_2 type_id="opencv-matrix">
    <rows>5</rows>
    <cols>1</cols>
    <dt>d</dt>
    <data>-0.1111 -0.1567 0.0000 0.0000 1.3324
    </data>
  </Distortion_Coefficients5_DAHUA_2>

  <Intrinsic_Matrix_Realsense type_id="opencv-matrix">
    <rows>3</rows>
    <cols>3</cols>
    <dt>d</dt>
    <data>
      604.589599609375 0.0000000000000 0.0000000000000
      0.0000000000000 603.44315234375 0.0000000000000
      316.714904785156 232.319900512695 1.0000000000000
    </data>
  </Intrinsic_Matrix_Realsense>
  <Distortion_Coefficients4_Realsense type_id="opencv-matrix">
    <rows>4</rows>
    <cols>1</cols>
    <dt>d</dt>
    <data>0 0 0 0
    </data>
  </Distortion_Coefficients4_Realsense>

  <Intrinsic_Matrix_MIND type_id="opencv-matrix">
    <rows>3</rows>
    <cols>3</cols>
    <dt>d</dt>
    <data>
      1271.9000000000 0.0000000000000 0.0000000000000
      0.0000000000000 1176.9000000000 0.0000000000000
      726.52700000000 529.27510000000 1.0000000000000
    </data>
  </Intrinsic_Matrix_MIND>
  <Distortion_Coefficients4_MIND type_id="opencv-matrix">
    <rows>4</rows>
    <cols>1</cols>
    <dt>d</dt>
    <data>-0.2477 0.3822 0.0000 0.0000
    </data>
  </Distortion_Coefficients4_MIND>

</opencv_storage>