<?xml version="1.0" encoding="utf-8"?>
<opencv_storage>

  <Intrinsic_Matrix_DAHUA type_id="opencv-matrix">
    <rows>3</rows>
    <cols>3</cols>
    <dt>d</dt>
    <data>
      1621.2000000000 0.0000000000000 733.07920000000
      0.0000000000000 1653.2000000000 588.45820000000
      0.0000000000000 0.0000000000000 1.0000000000000
    </data>
  </Intrinsic_Matrix_DAHUA>
  <Distortion_Coefficients5_DAHUA_2 type_id="opencv-matrix">
    <rows>5</rows>
    <cols>1</cols>
    <dt>d</dt>
    <data>-0.1111 -0.1567 0.0000 0.0000 1.3324
    </data>
  </Distortion_Coefficients5_DAHUA_2>

  <Intrinsic_Matrix_Realsense type_id="opencv-matrix">
    <rows>3</rows>
    <cols>3</cols>
    <dt>d</dt>
    <data>
      604.589599609375 0.0000000000000 316.714904785156
      0.0000000000000 603.44315234375 232.319900512695
      0.0000000000000 0.0000000000000 1.0000000000000
    </data>
  </Intrinsic_Matrix_Realsense>
  <Distortion_Coefficients4_Realsense type_id="opencv-matrix">
    <rows>4</rows>
    <cols>1</cols>
    <dt>d</dt>
    <data>0 0 0 0
    </data>
  </Distortion_Coefficients4_Realsense>

  <Intrinsic_Matrix_MIND134GC-0 type_id="opencv-matrix">
    <rows>3</rows>
    <cols>3</cols>
    <dt>d</dt>
    <data>
      1760.55506985705 0 646.283116140709
      0 1761.01541011471 483.376617258825
      0 0 1
    </data>
  </Intrinsic_Matrix_MIND134GC-0>
  <Distortion_Coefficients5_MIND134GC-0 type_id="opencv-matrix">
    <rows>5</rows>
    <cols>1</cols>
    <dt>d</dt>
    <data>-0.0759322899962658 0.371617154476779 0 0 0
    </data>
  </Distortion_Coefficients5_MIND134GC-0>

  <Intrinsic_Matrix_MIND133GC-0 type_id="opencv-matrix">
    <rows>3</rows>
    <cols>3</cols>
    <dt>d</dt>
    <data>
      1581.3689	0	       643.895829107487
      0	        1581.7493  501.018964320391
      0	        0	       1
    </data>
  </Intrinsic_Matrix_MIND133GC-0>
  <Distortion_Coefficients5_MIND133GC-0 type_id="opencv-matrix">
    <rows>5</rows>
    <cols>1</cols>
    <dt>d</dt>
    <data>-0.079467705101947 0.221427612817039 0 0 -0.018273047319637
    </data>
  </Distortion_Coefficients5_MIND133GC-0>

</opencv_storage>