<?xml version="1.0" encoding="utf-8"?>
<opencv_storage>

  <Intrinsic_Matrix_DAHUA type_id="opencv-matrix">
    <rows>3</rows>
    <cols>3</cols>
    <dt>d</dt>
    <data>
      1621.2000000000 0.0000000000000 733.07920000000
      0.0000000000000 1653.2000000000 588.45820000000
      0.0000000000000 0.0000000000000 1.0000000000000
    </data>
  </Intrinsic_Matrix_DAHUA>
  <Distortion_Coefficients5_DAHUA_2 type_id="opencv-matrix">
    <rows>5</rows>
    <cols>1</cols>
    <dt>d</dt>
    <data>-0.1111 -0.1567 0.0000 0.0000 1.3324
    </data>
  </Distortion_Coefficients5_DAHUA_2>

  <Intrinsic_Matrix_Realsense type_id="opencv-matrix">
    <rows>3</rows>
    <cols>3</cols>
    <dt>d</dt>
    <data>
      604.589599609375 0.0000000000000 316.714904785156
      0.0000000000000 603.44315234375 232.319900512695
      0.0000000000000 0.0000000000000 1.0000000000000
    </data>
  </Intrinsic_Matrix_Realsense>
  <Distortion_Coefficients4_Realsense type_id="opencv-matrix">
    <rows>4</rows>
    <cols>1</cols>
    <dt>d</dt>
    <data>0 0 0 0
    </data>
  </Distortion_Coefficients4_Realsense>

  <Intrinsic_Matrix_MIND134GC-0 type_id="opencv-matrix">
    <rows>3</rows>
    <cols>3</cols>
    <dt>d</dt>
    <data>
      1351.657656385913 0.000000000000000 676.3608797375953
      0.000000000000000 1349.760819492449 500.4147922454784
      0.000000000000000 0.000000000000000 1.000000000000000
    </data>
  </Intrinsic_Matrix_MIND134GC-0>
  <Distortion_Coefficients5_MIND134GC-0 type_id="opencv-matrix">
    <rows>5</rows>
    <cols>1</cols>
    <dt>d</dt>
    <data>-0.02972117950492351 -0.1979342313490821 0.006255281843520727 0.006100406627488073 1.107617381613446
    </data>
  </Distortion_Coefficients5_MIND134GC-0>

  <Intrinsic_Matrix_MIND134GC-0-matlab type_id="opencv-matrix">
    <rows>3</rows>
    <cols>3</cols>
    <dt>d</dt>
    <data>
      1346.7 0.0000 643.2252
      0.0000 1347.5 475.9334
      0.0000 0.0000 1.000000
    </data>
  </Intrinsic_Matrix_MIND134GC-0-matlab>
  <Distortion_Coefficients5_MIND134GC-0-matlab type_id="opencv-matrix">
    <rows>5</rows>
    <cols>1</cols>
    <dt>d</dt>
    <data>-0.0732 0.1960 0 0 0
    </data>
  </Distortion_Coefficients5_MIND134GC-0-matlab>

  <Intrinsic_Matrix_MIND133GC-0 type_id="opencv-matrix">
    <rows>3</rows>
    <cols>3</cols>
    <dt>d</dt>
    <data>
      1567.4 0 645.5262
      0 1568.1 554.8260
      0 0 1
    </data>
  </Intrinsic_Matrix_MIND133GC-0>
  <Distortion_Coefficients5_MIND133GC-0 type_id="opencv-matrix">
    <rows>4</rows>
    <cols>1</cols>
    <dt>d</dt>
    <data>-0.0853 0.2234 0 0
    </data>
  </Distortion_Coefficients5_MIND133GC-0>

</opencv_storage>